1.00000 0.55142
1.09825 0.57899
1.21116 0.60817
1.33866 0.63925
1.48062 0.67028
1.63691 0.70189
1.80738 0.73371
1.99187 0.76537
2.19023 0.79668
2.40233 0.82752
2.62804 0.85783
2.86729 0.88746
3.12001 0.91628
3.38621 0.94458
3.66590 0.97210
3.95916 0.99901
4.26614 1.02518
4.58700 1.05080
4.92200 1.07578
5.27144 1.10015
5.63567 1.12400
6.01512 1.14734
6.41026 1.17020
6.82164 1.19263
7.24986 1.21461
7.69558 1.23620
8.15952 1.25746
8.64244 1.27835
9.14518 1.29896
9.66861 1.31927
10.21366 1.33931
10.78130 1.35912
11.37255 1.37869
11.98847 1.39806
12.63013 1.41722
13.29867 1.43621
13.99524 1.45502
14.72102 1.47367
15.47719 1.49033
16.26498 1.50639
17.08561 1.52313
17.94031 1.54055
18.83032 1.55870
19.75688 1.57759
20.72121 1.59725
21.72453 1.61771
22.76806 1.63339
23.85297 1.64956
24.98044 1.66635
26.15160 1.68380
27.36755 1.70192
28.62937 1.72031
29.93809 1.73569
31.29470 1.75162
32.70013 1.76813
34.15529 1.78523
35.66100 1.80207
37.21805 1.81717
38.82715 1.83278
40.48897 1.84890
42.20409 1.86524
43.97304 1.87985
45.79626 1.89491
47.67414 1.91042
49.60699 1.92547
51.59503 1.93977
53.63842 1.95446
55.73723 1.96937
57.89147 1.98309
60.10104 1.99717
62.36580 2.01152
64.68551 2.02478
67.05984 2.03835
69.48841 2.05198
71.97076 2.06485
74.50634 2.07800
77.09454 2.09083
79.73468 2.10335
82.42603 2.11612
85.16776 2.12813
87.95901 2.14034
90.79887 2.15226
93.68635 2.16397
96.62045 2.17569
99.60009 2.18695
102.62420 2.19838
105.69166 2.20927
108.80131 2.22028
111.95201 2.23091
115.14259 2.24153
118.37190 2.25188
121.63879 2.26214
124.94213 2.27219
128.28081 2.28212
131.65378 2.29186
135.06002 2.30148
138.49860 2.31091
141.96863 2.32024
145.46933 2.32937
149.00000 2.33842
