1.00000 0.07990
1.09825 0.09132
1.21116 0.10371
1.33866 0.11721
1.48062 0.13108
1.63691 0.14550
1.80738 0.16022
1.99187 0.17502
2.19023 0.18970
2.40233 0.20410
2.62804 0.21811
2.86729 0.23155
3.12001 0.24429
3.38621 0.25642
3.66590 0.26775
3.95916 0.27835
4.26614 0.28812
4.58700 0.29714
4.92200 0.30539
5.27144 0.31286
5.63567 0.31963
6.01512 0.32571
6.41026 0.33116
6.82164 0.33600
7.24986 0.34027
7.69558 0.34403
8.15952 0.34732
8.64244 0.35016
9.14518 0.35261
9.66861 0.35470
10.21366 0.35647
10.78130 0.35795
11.37255 0.35917
11.98847 0.36016
12.63013 0.36093
13.29867 0.36153
13.99524 0.36196
14.72102 0.36224
15.47719 0.36151
16.26498 0.36046
17.08561 0.35972
17.94031 0.35929
18.83032 0.35917
19.75688 0.35937
20.72121 0.35989
21.72453 0.36073
22.76806 0.35942
23.85297 0.35834
24.98044 0.35753
26.15160 0.35699
27.36755 0.35672
28.62937 0.35655
29.93809 0.35512
31.29470 0.35392
32.70013 0.35294
34.15529 0.35219
35.66100 0.35131
37.21805 0.34975
38.82715 0.34836
40.48897 0.34716
42.20409 0.34601
43.97304 0.34420
45.79626 0.34253
47.67414 0.34099
49.60699 0.33925
51.59503 0.33720
53.63842 0.33526
55.73723 0.33333
57.89147 0.33096
60.10104 0.32864
62.36580 0.32634
64.68551 0.32361
67.05984 0.32090
69.48841 0.31810
71.97076 0.31497
74.50634 0.31180
77.09454 0.30840
79.73468 0.30477
82.42603 0.30104
85.16776 0.29691
87.95901 0.29264
90.79887 0.28807
93.68635 0.28319
96.62045 0.27806
99.60009 0.27251
102.62420 0.26669
105.69166 0.26039
108.80131 0.25375
111.95201 0.24663
115.14259 0.23909
118.37190 0.23103
121.63879 0.22249
124.94213 0.21340
128.28081 0.20378
131.65378 0.19360
135.06002 0.18287
138.49860 0.17157
141.96863 0.15973
145.46933 0.14737
149.00000 0.13454
