1.00000 -0.03525
1.09825 -0.03702
1.21116 -0.03892
1.33866 -0.04098
1.48062 -0.04296
1.63691 -0.04493
1.80738 -0.04685
1.99187 -0.04867
2.19023 -0.05036
2.40233 -0.05191
2.62804 -0.05333
2.86729 -0.05459
3.12001 -0.05569
3.38621 -0.05666
3.66590 -0.05750
3.95916 -0.05821
4.26614 -0.05880
4.58700 -0.05929
4.92200 -0.05969
5.27144 -0.05999
5.63567 -0.06022
6.01512 -0.06038
6.41026 -0.06049
6.82164 -0.06054
7.24986 -0.06055
7.69558 -0.06052
8.15952 -0.06047
8.64244 -0.06039
9.14518 -0.06028
9.66861 -0.06017
10.21366 -0.06004
10.78130 -0.05989
11.37255 -0.05975
11.98847 -0.05960
12.63013 -0.05944
13.29867 -0.05929
13.99524 -0.05913
14.72102 -0.05897
15.47719 -0.05867
16.26498 -0.05835
17.08561 -0.05809
17.94031 -0.05789
18.83032 -0.05777
19.75688 -0.05770
20.72121 -0.05771
21.72453 -0.05777
22.76806 -0.05750
23.85297 -0.05728
24.98044 -0.05711
26.15160 -0.05699
27.36755 -0.05692
28.62937 -0.05688
29.93809 -0.05664
31.29470 -0.05645
32.70013 -0.05630
34.15529 -0.05619
35.66100 -0.05607
37.21805 -0.05585
38.82715 -0.05566
40.48897 -0.05551
42.20409 -0.05538
43.97304 -0.05516
45.79626 -0.05497
47.67414 -0.05481
49.60699 -0.05463
51.59503 -0.05442
53.63842 -0.05424
55.73723 -0.05408
57.89147 -0.05386
60.10104 -0.05368
62.36580 -0.05353
64.68551 -0.05334
67.05984 -0.05317
69.48841 -0.05303
71.97076 -0.05287
74.50634 -0.05274
77.09454 -0.05262
79.73468 -0.05251
82.42603 -0.05243
85.16776 -0.05235
87.95901 -0.05230
90.79887 -0.05227
93.68635 -0.05227
96.62045 -0.05230
99.60009 -0.05236
102.62420 -0.05246
105.69166 -0.05258
108.80131 -0.05275
111.95201 -0.05296
115.14259 -0.05322
118.37190 -0.05353
121.63879 -0.05389
124.94213 -0.05431
128.28081 -0.05480
131.65378 -0.05535
135.06002 -0.05598
138.49860 -0.05668
141.96863 -0.05748
145.46933 -0.05836
149.00000 -0.05935
