1.00000 0.03995
1.09825 0.04566
1.21116 0.05186
1.33866 0.05860
1.48062 0.06554
1.63691 0.07275
1.80738 0.08011
1.99187 0.08751
2.19023 0.09485
2.40233 0.10205
2.62804 0.10905
2.86729 0.11578
3.12001 0.12215
3.38621 0.12821
3.66590 0.13388
3.95916 0.13917
4.26614 0.14406
4.58700 0.14857
4.92200 0.15269
5.27144 0.15643
5.63567 0.15981
6.01512 0.16286
6.41026 0.16558
6.82164 0.16800
7.24986 0.17014
7.69558 0.17201
8.15952 0.17366
8.64244 0.17508
9.14518 0.17631
9.66861 0.17735
10.21366 0.17824
10.78130 0.17897
11.37255 0.17958
11.98847 0.18008
12.63013 0.18047
13.29867 0.18077
13.99524 0.18098
14.72102 0.18112
15.47719 0.18076
16.26498 0.18023
17.08561 0.17986
17.94031 0.17965
18.83032 0.17959
19.75688 0.17969
20.72121 0.17994
21.72453 0.18036
22.76806 0.17971
23.85297 0.17917
24.98044 0.17876
26.15160 0.17849
27.36755 0.17836
28.62937 0.17827
29.93809 0.17756
31.29470 0.17696
32.70013 0.17647
34.15529 0.17609
35.66100 0.17566
37.21805 0.17487
38.82715 0.17418
40.48897 0.17358
42.20409 0.17301
43.97304 0.17210
45.79626 0.17126
47.67414 0.17049
49.60699 0.16962
51.59503 0.16860
53.63842 0.16763
55.73723 0.16667
57.89147 0.16548
60.10104 0.16432
62.36580 0.16317
64.68551 0.16180
67.05984 0.16045
69.48841 0.15905
71.97076 0.15748
74.50634 0.15590
77.09454 0.15420
79.73468 0.15238
82.42603 0.15052
85.16776 0.14846
87.95901 0.14632
90.79887 0.14403
93.68635 0.14160
96.62045 0.13903
99.60009 0.13625
102.62420 0.13334
105.69166 0.13020
108.80131 0.12688
111.95201 0.12332
115.14259 0.11954
118.37190 0.11552
121.63879 0.11124
124.94213 0.10670
128.28081 0.10189
131.65378 0.09680
135.06002 0.09143
138.49860 0.08578
141.96863 0.07986
145.46933 0.07368
149.00000 0.06727
