1.00000 0.03525
1.09825 0.04029
1.21116 0.04576
1.33866 0.05171
1.48062 0.05783
1.63691 0.06419
1.80738 0.07069
1.99187 0.07722
2.19023 0.08369
2.40233 0.09005
2.62804 0.09622
2.86729 0.10215
3.12001 0.10778
3.38621 0.11313
3.66590 0.11813
3.95916 0.12280
4.26614 0.12711
4.58700 0.13109
4.92200 0.13473
5.27144 0.13803
5.63567 0.14101
6.01512 0.14370
6.41026 0.14610
6.82164 0.14824
7.24986 0.15012
7.69558 0.15178
8.15952 0.15323
8.64244 0.15448
9.14518 0.15556
9.66861 0.15649
10.21366 0.15727
10.78130 0.15792
11.37255 0.15846
11.98847 0.15889
12.63013 0.15923
13.29867 0.15950
13.99524 0.15969
14.72102 0.15981
15.47719 0.15949
16.26498 0.15903
17.08561 0.15870
17.94031 0.15851
18.83032 0.15846
19.75688 0.15855
20.72121 0.15877
21.72453 0.15914
22.76806 0.15857
23.85297 0.15809
24.98044 0.15773
26.15160 0.15750
27.36755 0.15738
28.62937 0.15730
29.93809 0.15667
31.29470 0.15614
32.70013 0.15571
34.15529 0.15538
35.66100 0.15499
37.21805 0.15430
38.82715 0.15369
40.48897 0.15316
42.20409 0.15265
43.97304 0.15185
45.79626 0.15111
47.67414 0.15043
49.60699 0.14967
51.59503 0.14877
53.63842 0.14791
55.73723 0.14706
57.89147 0.14601
60.10104 0.14499
62.36580 0.14397
64.68551 0.14277
67.05984 0.14157
69.48841 0.14034
71.97076 0.13896
74.50634 0.13756
77.09454 0.13606
79.73468 0.13446
82.42603 0.13281
85.16776 0.13099
87.95901 0.12911
90.79887 0.12709
93.68635 0.12494
96.62045 0.12267
99.60009 0.12022
102.62420 0.11766
105.69166 0.11488
108.80131 0.11195
111.95201 0.10881
115.14259 0.10548
118.37190 0.10193
121.63879 0.09816
124.94213 0.09415
128.28081 0.08990
131.65378 0.08541
135.06002 0.08068
138.49860 0.07569
141.96863 0.07047
145.46933 0.06502
149.00000 0.05935
